1000 0.436628
2000 0.087522
3000 0.045986
4000 0.030670
5000 0.022829
6000 0.018099
7000 0.014951
8000 0.012710
9000 0.011038
10000 0.009744
11000 0.008715
12000 0.007876
13000 0.007181
14000 0.006596
15000 0.006097
16000 0.005666
17000 0.005291
18000 0.004960
19000 0.004668
20000 0.004408
21000 0.004174
22000 0.003964
23000 0.003772
24000 0.003599
25000 0.003440
26000 0.003294
27000 0.003160
28000 0.003036
29000 0.002921
30000 0.002815
31000 0.002715
32000 0.002623
33000 0.002536
34000 0.002455
35000 0.002379
36000 0.002307
37000 0.002240
38000 0.002176
39000 0.002115
40000 0.002058
41000 0.002004
42000 0.001952
43000 0.001903
44000 0.001856
45000 0.001812
46000 0.001769
47000 0.001729
48000 0.001690
49000 0.001653
50000 0.001618
51000 0.001584
52000 0.001551
53000 0.001520
54000 0.001489
55000 0.001460
56000 0.001433
57000 0.001406
58000 0.001380
59000 0.001355
60000 0.001331
61000 0.001308
62000 0.001285
63000 0.001264
64000 0.001243
65000 0.001222
66000 0.001203
67000 0.001184
68000 0.001165
69000 0.001147
70000 0.001130
71000 0.001113
72000 0.001096
73000 0.001081
74000 0.001065
75000 0.001050
76000 0.001035
77000 0.001021
78000 0.001007
