0 79.448952
1000 1.211905
2000 0.185646
3000 0.093933
4000 0.061730
5000 0.045596
6000 0.035986
7000 0.029638
8000 0.025147
9000 0.021809
10000 0.019234
11000 0.017189
12000 0.015528
13000 0.014153
14000 0.012996
15000 0.012010
16000 0.011160
17000 0.010419
18000 0.009769
19000 0.009193
20000 0.008680
21000 0.008220
22000 0.007805
23000 0.007430
24000 0.007089
25000 0.006777
26000 0.006490
27000 0.006226
28000 0.005983
29000 0.005758
30000 0.005548
31000 0.005353
32000 0.005171
33000 0.005001
34000 0.004841
35000 0.004691
36000 0.004549
37000 0.004416
38000 0.004291
39000 0.004172
40000 0.004060
41000 0.003954
42000 0.003853
43000 0.003756
44000 0.003665
45000 0.003578
46000 0.003494
47000 0.003415
48000 0.003338
49000 0.003265
50000 0.003196
51000 0.003129
52000 0.003064
53000 0.003002
54000 0.002943
55000 0.002886
56000 0.002831
57000 0.002778
58000 0.002727
59000 0.002678
60000 0.002631
61000 0.002585
62000 0.002541
63000 0.002499
64000 0.002457
65000 0.002417
66000 0.002379
67000 0.002341
68000 0.002305
69000 0.002270
70000 0.002236
71000 0.002203
72000 0.002171
73000 0.002140
74000 0.002109
75000 0.002080
76000 0.002051
77000 0.002023
78000 0.001996
79000 0.001969
80000 0.001944
81000 0.001919
82000 0.001894
83000 0.001870
84000 0.001847
85000 0.001824
86000 0.001802
87000 0.001780
88000 0.001759
89000 0.001739
90000 0.001718
91000 0.001699
92000 0.001679
93000 0.001660
94000 0.001642
95000 0.001624
96000 0.001607
97000 0.001589
98000 0.001573
99000 0.001556
100000 0.001540
101000 0.001524
102000 0.001509
103000 0.001493
104000 0.001479
105000 0.001464
106000 0.001450
107000 0.001436
108000 0.001422
109000 0.001408
110000 0.001395
111000 0.001382
112000 0.001369
113000 0.001357
114000 0.001344
115000 0.001332
116000 0.001320
117000 0.001309
118000 0.001297
119000 0.001286
120000 0.001274
121000 0.001263
122000 0.001253
123000 0.001242
124000 0.001232
125000 0.001222
126000 0.001212
127000 0.001202
128000 0.001192
129000 0.001182
130000 0.001173
131000 0.001164
132000 0.001155
133000 0.001146
134000 0.001137
135000 0.001128
136000 0.001120
137000 0.001112
138000 0.001103
139000 0.001095
140000 0.001087
141000 0.001079
142000 0.001071
143000 0.001064
144000 0.001056
145000 0.001049
146000 0.001041
147000 0.001034
148000 0.001027
149000 0.001020
150000 0.001013
151000 0.001006
