0 156.099960
1000 25.028803
2000 22.944698
3000 12.486298
4000 6.222378
5000 3.054033
6000 1.678435
7000 1.134133
8000 0.854399
9000 0.682984
10000 0.567173
11000 0.483860
12000 0.421236
13000 0.372555
14000 0.333699
15000 0.301988
16000 0.275648
17000 0.253436
18000 0.234464
19000 0.218061
20000 0.203757
21000 0.191176
22000 0.180016
23000 0.170058
24000 0.161121
25000 0.153043
26000 0.145703
27000 0.139011
28000 0.132884
29000 0.127247
30000 0.122038
31000 0.117210
32000 0.112726
33000 0.108555
34000 0.104659
35000 0.101015
36000 0.097595
37000 0.094388
38000 0.091388
39000 0.088583
40000 0.085956
41000 0.083483
42000 0.081155
43000 0.078953
44000 0.076870
45000 0.074894
46000 0.073014
47000 0.071229
48000 0.069524
49000 0.067898
50000 0.066347
51000 0.064862
52000 0.063440
53000 0.062083
54000 0.060779
55000 0.059530
56000 0.058329
57000 0.057178
58000 0.056072
59000 0.055007
60000 0.053983
61000 0.052992
62000 0.052038
63000 0.051117
64000 0.050230
65000 0.049369
66000 0.048537
67000 0.047731
68000 0.046951
69000 0.046198
70000 0.045469
71000 0.044764
72000 0.044078
73000 0.043414
74000 0.042771
75000 0.042146
76000 0.041539
77000 0.040949
78000 0.040373
79000 0.039812
80000 0.039268
81000 0.038739
82000 0.038225
83000 0.037726
84000 0.037239
85000 0.036761
86000 0.036295
87000 0.035841
88000 0.035400
89000 0.034969
90000 0.034548
91000 0.034138
92000 0.033739
93000 0.033348
94000 0.032966
95000 0.032592
96000 0.032224
97000 0.031864
98000 0.031510
99000 0.031163
100000 0.030826
101000 0.030496
102000 0.030175
103000 0.029862
104000 0.029556
105000 0.029254
106000 0.028957
107000 0.028666
108000 0.028382
109000 0.028104
110000 0.027831
111000 0.027563
112000 0.027301
113000 0.027044
114000 0.026791
115000 0.026545
116000 0.026304
117000 0.026065
118000 0.025832
119000 0.025601
120000 0.025375
121000 0.025152
122000 0.024934
123000 0.024720
124000 0.024511
125000 0.024305
126000 0.024102
127000 0.023901
128000 0.023703
129000 0.023509
130000 0.023319
131000 0.023130
132000 0.022944
133000 0.022761
134000 0.022582
135000 0.022405
136000 0.022231
137000 0.022059
138000 0.021891
139000 0.021724
140000 0.021560
141000 0.021397
142000 0.021236
143000 0.021076
144000 0.020920
145000 0.020767
146000 0.020615
147000 0.020465
148000 0.020316
149000 0.020170
150000 0.020025
151000 0.019884
152000 0.019746
153000 0.019610
154000 0.019477
155000 0.019345
156000 0.019213
157000 0.019084
158000 0.018957
159000 0.018832
160000 0.018708
161000 0.018585
162000 0.018464
163000 0.018345
164000 0.018227
165000 0.018111
166000 0.017997
167000 0.017884
168000 0.017773
169000 0.017663
170000 0.017554
171000 0.017446
172000 0.017338
173000 0.017231
174000 0.017127
175000 0.017024
176000 0.016922
177000 0.016822
178000 0.016722
179000 0.016624
180000 0.016527
181000 0.016430
182000 0.016335
183000 0.016241
184000 0.016148
185000 0.016056
186000 0.015965
187000 0.015876
188000 0.015787
189000 0.015699
190000 0.015611
191000 0.015525
192000 0.015440
193000 0.015356
194000 0.015274
195000 0.015192
196000 0.015112
197000 0.015031
198000 0.014952
199000 0.014874
200000 0.014797
201000 0.014720
202000 0.014645
203000 0.014569
204000 0.014494
205000 0.014420
206000 0.014347
207000 0.014275
208000 0.014203
209000 0.014132
210000 0.014062
211000 0.013992
212000 0.013923
213000 0.013854
214000 0.013786
215000 0.013719
216000 0.013652
217000 0.013585
218000 0.013519
219000 0.013453
220000 0.013388
221000 0.013324
222000 0.013261
223000 0.013198
224000 0.013136
225000 0.013075
226000 0.013014
227000 0.012954
228000 0.012894
229000 0.012835
230000 0.012777
231000 0.012719
232000 0.012661
233000 0.012604
234000 0.012548
235000 0.012492
236000 0.012436
237000 0.012381
238000 0.012326
239000 0.012271
240000 0.012218
241000 0.012164
242000 0.012111
243000 0.012060
244000 0.012008
245000 0.011958
246000 0.011907
247000 0.011857
248000 0.011807
249000 0.011758
250000 0.011709
251000 0.011661
252000 0.011613
253000 0.011566
254000 0.011520
255000 0.011473
256000 0.011427
257000 0.011381
258000 0.011335
259000 0.011289
260000 0.011244
261000 0.011200
262000 0.011155
263000 0.011111
264000 0.011067
265000 0.011024
266000 0.010981
267000 0.010938
268000 0.010896
269000 0.010854
270000 0.010813
271000 0.010771
272000 0.010729
273000 0.010687
274000 0.010646
275000 0.010605
276000 0.010565
277000 0.010525
278000 0.010485
279000 0.010446
280000 0.010407
281000 0.010368
282000 0.010330
283000 0.010292
284000 0.010255
285000 0.010218
286000 0.010181
287000 0.010144
288000 0.010108
289000 0.010072
290000 0.010037
291000 0.010002
292000 0.009967
293000 0.009932
294000 0.009898
295000 0.009863
296000 0.009829
297000 0.009795
298000 0.009762
299000 0.009728
300000 0.009695
301000 0.009662
302000 0.009629
303000 0.009596
304000 0.009564
305000 0.009532
306000 0.009500
307000 0.009469
308000 0.009438
309000 0.009406
310000 0.009375
311000 0.009344
312000 0.009313
313000 0.009283
314000 0.009253
315000 0.009223
316000 0.009193
317000 0.009163
318000 0.009134
319000 0.009105
320000 0.009077
321000 0.009048
322000 0.009020
323000 0.008992
324000 0.008963
325000 0.008936
326000 0.008908
327000 0.008881
328000 0.008853
329000 0.008826
330000 0.008800
331000 0.008773
332000 0.008747
333000 0.008721
334000 0.008695
335000 0.008669
336000 0.008644
337000 0.008619
338000 0.008594
339000 0.008569
340000 0.008545
341000 0.008521
342000 0.008497
343000 0.008473
344000 0.008449
345000 0.008425
346000 0.008401
347000 0.008377
348000 0.008353
349000 0.008330
350000 0.008307
351000 0.008285
352000 0.008262
353000 0.008240
354000 0.008217
355000 0.008195
356000 0.008172
357000 0.008150
358000 0.008128
359000 0.008105
360000 0.008083
361000 0.008061
362000 0.008039
363000 0.008017
364000 0.007996
365000 0.007974
366000 0.007953
367000 0.007931
368000 0.007910
369000 0.007889
370000 0.007867
371000 0.007846
372000 0.007825
373000 0.007804
374000 0.007783
375000 0.007762
376000 0.007742
377000 0.007721
378000 0.007700
379000 0.007680
380000 0.007660
381000 0.007639
382000 0.007619
383000 0.007599
384000 0.007579
385000 0.007559
386000 0.007539
387000 0.007519
388000 0.007499
389000 0.007480
390000 0.007460
391000 0.007441
392000 0.007421
393000 0.007402
394000 0.007383
395000 0.007363
396000 0.007344
397000 0.007325
398000 0.007306
399000 0.007286
400000 0.007267
401000 0.007249
402000 0.007230
403000 0.007211
404000 0.007193
405000 0.007175
406000 0.007157
407000 0.007139
408000 0.007121
409000 0.007103
410000 0.007086
411000 0.007068
412000 0.007050
413000 0.007033
414000 0.007016
415000 0.006999
416000 0.006981
417000 0.006964
418000 0.006947
419000 0.006931
420000 0.006914
421000 0.006897
422000 0.006880
423000 0.006863
424000 0.006847
425000 0.006830
426000 0.006813
427000 0.006797
428000 0.006780
429000 0.006764
430000 0.006747
431000 0.006731
432000 0.006715
433000 0.006698
434000 0.006682
435000 0.006666
436000 0.006651
437000 0.006635
438000 0.006619
439000 0.006604
440000 0.006588
441000 0.006573
442000 0.006557
443000 0.006542
444000 0.006527
445000 0.006512
446000 0.006497
447000 0.006482
448000 0.006467
449000 0.006453
450000 0.006438
451000 0.006424
452000 0.006409
453000 0.006395
454000 0.006381
455000 0.006366
456000 0.006352
457000 0.006339
458000 0.006325
459000 0.006311
460000 0.006298
461000 0.006284
462000 0.006270
463000 0.006257
464000 0.006244
465000 0.006230
466000 0.006217
467000 0.006204
468000 0.006191
469000 0.006178
470000 0.006165
471000 0.006152
472000 0.006139
473000 0.006126
474000 0.006113
475000 0.006100
476000 0.006087
477000 0.006074
478000 0.006062
479000 0.006049
480000 0.006037
481000 0.006024
482000 0.006012
483000 0.005999
484000 0.005987
485000 0.005974
486000 0.005962
487000 0.005950
488000 0.005937
489000 0.005925
490000 0.005913
491000 0.005901
492000 0.005889
493000 0.005877
494000 0.005865
495000 0.005853
496000 0.005841
497000 0.005829
498000 0.005817
499000 0.005806
500000 0.005794
501000 0.005783
502000 0.005771
503000 0.005760
504000 0.005748
505000 0.005737
506000 0.005726
507000 0.005714
508000 0.005703
509000 0.005692
510000 0.005680
511000 0.005669
512000 0.005658
513000 0.005647
514000 0.005636
515000 0.005625
516000 0.005614
517000 0.005603
518000 0.005592
519000 0.005582
520000 0.005571
521000 0.005561
522000 0.005550
523000 0.005539
524000 0.005528
525000 0.005518
526000 0.005507
527000 0.005497
528000 0.005486
529000 0.005476
530000 0.005465
531000 0.005455
532000 0.005445
533000 0.005435
534000 0.005425
535000 0.005414
536000 0.005404
537000 0.005394
538000 0.005384
539000 0.005374
540000 0.005364
541000 0.005354
542000 0.005344
543000 0.005335
544000 0.005325
545000 0.005315
546000 0.005306
547000 0.005296
548000 0.005287
549000 0.005278
550000 0.005268
551000 0.005259
552000 0.005250
553000 0.005241
554000 0.005232
555000 0.005222
556000 0.005213
557000 0.005204
558000 0.005195
559000 0.005186
560000 0.005177
561000 0.005169
562000 0.005160
563000 0.005152
564000 0.005143
565000 0.005135
566000 0.005126
567000 0.005118
568000 0.005110
569000 0.005102
570000 0.005093
571000 0.005085
572000 0.005078
573000 0.005070
574000 0.005062
575000 0.005055
576000 0.005047
577000 0.005039
578000 0.005032
579000 0.005024
580000 0.005016
581000 0.005009
582000 0.005001
583000 0.004994
584000 0.004986
585000 0.004979
586000 0.004971
587000 0.004963
588000 0.004956
589000 0.004948
590000 0.004941
591000 0.004933
592000 0.004925
593000 0.004918
594000 0.004910
595000 0.004903
596000 0.004895
597000 0.004888
598000 0.004880
599000 0.004873
600000 0.004866
601000 0.004858
602000 0.004851
603000 0.004844
604000 0.004836
605000 0.004829
606000 0.004822
607000 0.004814
608000 0.004807
609000 0.004800
610000 0.004793
611000 0.004786
612000 0.004779
613000 0.004771
614000 0.004764
615000 0.004757
616000 0.004750
617000 0.004744
618000 0.004737
619000 0.004730
620000 0.004723
621000 0.004716
622000 0.004710
623000 0.004703
624000 0.004696
625000 0.004690
626000 0.004683
627000 0.004676
628000 0.004670
629000 0.004663
630000 0.004656
631000 0.004649
632000 0.004643
633000 0.004636
634000 0.004630
635000 0.004623
636000 0.004616
637000 0.004610
638000 0.004603
639000 0.004597
640000 0.004590
641000 0.004583
642000 0.004577
643000 0.004570
644000 0.004564
645000 0.004557
646000 0.004551
647000 0.004544
648000 0.004538
649000 0.004532
650000 0.004525
651000 0.004519
652000 0.004512
653000 0.004506
654000 0.004500
655000 0.004493
656000 0.004487
657000 0.004481
658000 0.004474
659000 0.004468
660000 0.004462
661000 0.004456
662000 0.004450
663000 0.004443
664000 0.004437
665000 0.004431
666000 0.004425
667000 0.004419
668000 0.004413
669000 0.004407
670000 0.004401
671000 0.004396
672000 0.004390
673000 0.004384
674000 0.004378
675000 0.004372
676000 0.004367
677000 0.004361
678000 0.004356
679000 0.004350
680000 0.004344
681000 0.004339
682000 0.004333
683000 0.004328
684000 0.004322
685000 0.004317
686000 0.004311
687000 0.004306
688000 0.004300
689000 0.004295
690000 0.004290
691000 0.004284
692000 0.004279
693000 0.004274
694000 0.004268
695000 0.004263
696000 0.004258
697000 0.004253
698000 0.004247
699000 0.004242
700000 0.004237
701000 0.004232
702000 0.004227
703000 0.004222
704000 0.004216
705000 0.004211
706000 0.004206
707000 0.004201
708000 0.004196
709000 0.004191
710000 0.004186
711000 0.004181
712000 0.004176
713000 0.004171
714000 0.004166
715000 0.004162
716000 0.004157
717000 0.004152
718000 0.004147
719000 0.004142
720000 0.004137
721000 0.004132
722000 0.004127
723000 0.004123
724000 0.004118
725000 0.004113
726000 0.004108
727000 0.004103
728000 0.004098
729000 0.004093
730000 0.004088
731000 0.004083
732000 0.004078
733000 0.004073
734000 0.004068
735000 0.004063
736000 0.004058
737000 0.004053
738000 0.004048
739000 0.004043
740000 0.004038
741000 0.004034
742000 0.004029
743000 0.004024
744000 0.004019
745000 0.004014
746000 0.004009
747000 0.004004
748000 0.004000
749000 0.003995
750000 0.003990
751000 0.003985
752000 0.003981
753000 0.003976
754000 0.003971
755000 0.003967
756000 0.003962
757000 0.003958
758000 0.003953
759000 0.003948
760000 0.003944
761000 0.003939
762000 0.003935
763000 0.003930
764000 0.003925
765000 0.003921
766000 0.003916
767000 0.003912
768000 0.003907
769000 0.003903
770000 0.003899
771000 0.003894
772000 0.003890
773000 0.003885
774000 0.003881
775000 0.003877
776000 0.003873
777000 0.003868
778000 0.003864
779000 0.003860
780000 0.003856
781000 0.003851
782000 0.003847
783000 0.003843
784000 0.003839
785000 0.003835
786000 0.003830
787000 0.003826
788000 0.003822
789000 0.003818
790000 0.003814
791000 0.003810
792000 0.003805
793000 0.003801
794000 0.003797
795000 0.003793
796000 0.003789
797000 0.003785
798000 0.003781
799000 0.003776
800000 0.003772
801000 0.003768
802000 0.003764
803000 0.003760
804000 0.003756
805000 0.003752
806000 0.003748
807000 0.003744
808000 0.003740
809000 0.003736
810000 0.003732
811000 0.003728
812000 0.003724
813000 0.003720
814000 0.003716
815000 0.003712
816000 0.003708
817000 0.003704
818000 0.003700
819000 0.003697
820000 0.003693
821000 0.003689
822000 0.003685
823000 0.003681
824000 0.003678
825000 0.003674
826000 0.003670
827000 0.003667
828000 0.003663
829000 0.003659
830000 0.003655
831000 0.003652
832000 0.003648
833000 0.003644
834000 0.003641
835000 0.003637
836000 0.003633
837000 0.003630
838000 0.003626
839000 0.003622
840000 0.003619
841000 0.003615
842000 0.003612
843000 0.003608
844000 0.003604
845000 0.003601
846000 0.003597
847000 0.003593
848000 0.003590
849000 0.003586
850000 0.003583
851000 0.003579
852000 0.003576
853000 0.003572
854000 0.003569
855000 0.003565
856000 0.003562
857000 0.003559
858000 0.003555
859000 0.003551
860000 0.003548
861000 0.003544
862000 0.003541
863000 0.003537
864000 0.003534
865000 0.003531
866000 0.003527
867000 0.003524
868000 0.003521
869000 0.003517
870000 0.003514
871000 0.003510
872000 0.003507
873000 0.003504
874000 0.003500
875000 0.003497
876000 0.003494
877000 0.003491
878000 0.003487
879000 0.003484
880000 0.003481
881000 0.003478
882000 0.003475
883000 0.003471
884000 0.003468
885000 0.003465
886000 0.003462
887000 0.003459
888000 0.003456
889000 0.003452
890000 0.003449
891000 0.003446
892000 0.003443
893000 0.003440
894000 0.003437
895000 0.003434
896000 0.003431
897000 0.003428
898000 0.003425
899000 0.003422
900000 0.003419
901000 0.003416
902000 0.003413
903000 0.003410
904000 0.003407
905000 0.003404
906000 0.003401
907000 0.003398
908000 0.003395
909000 0.003392
910000 0.003390
911000 0.003387
912000 0.003384
913000 0.003381
914000 0.003378
915000 0.003375
916000 0.003372
917000 0.003369
918000 0.003366
919000 0.003363
920000 0.003360
921000 0.003357
922000 0.003354
923000 0.003351
924000 0.003348
925000 0.003345
926000 0.003342
927000 0.003339
928000 0.003336
929000 0.003334
930000 0.003331
931000 0.003328
932000 0.003325
933000 0.003322
934000 0.003320
935000 0.003317
936000 0.003314
937000 0.003311
938000 0.003308
939000 0.003306
940000 0.003303
941000 0.003300
942000 0.003297
943000 0.003294
944000 0.003291
945000 0.003289
946000 0.003286
947000 0.003283
948000 0.003280
949000 0.003278
950000 0.003275
951000 0.003272
952000 0.003270
953000 0.003267
954000 0.003264
955000 0.003262
956000 0.003259
957000 0.003256
958000 0.003253
959000 0.003251
960000 0.003248
961000 0.003246
962000 0.003243
963000 0.003240
964000 0.003238
965000 0.003235
966000 0.003233
967000 0.003230
968000 0.003228
969000 0.003225
970000 0.003222
971000 0.003220
972000 0.003217
973000 0.003215
974000 0.003212
975000 0.003209
976000 0.003207
977000 0.003204
978000 0.003202
979000 0.003199
980000 0.003197
981000 0.003194
982000 0.003192
983000 0.003190
984000 0.003187
985000 0.003185
986000 0.003182
987000 0.003180
988000 0.003178
989000 0.003175
990000 0.003173
991000 0.003170
992000 0.003168
993000 0.003166
994000 0.003163
995000 0.003161
996000 0.003159
997000 0.003156
998000 0.003154
999000 0.003151
1000000 0.003149
1001000 0.003147
1002000 0.003144
1003000 0.003142
1004000 0.003139
1005000 0.003137
1006000 0.003135
1007000 0.003132
1008000 0.003130
1009000 0.003128
1010000 0.003126
1011000 0.003123
1012000 0.003121
1013000 0.003119
1014000 0.003116
1015000 0.003114
1016000 0.003112
1017000 0.003110
1018000 0.003107
1019000 0.003105
1020000 0.003103
1021000 0.003100
1022000 0.003098
1023000 0.003096
1024000 0.003094
1025000 0.003091
1026000 0.003089
1027000 0.003087
1028000 0.003085
1029000 0.003082
1030000 0.003080
1031000 0.003078
1032000 0.003076
1033000 0.003073
1034000 0.003071
1035000 0.003069
1036000 0.003067
1037000 0.003064
1038000 0.003062
1039000 0.003060
1040000 0.003058
1041000 0.003056
1042000 0.003053
1043000 0.003051
1044000 0.003049
1045000 0.003047
1046000 0.003045
1047000 0.003043
1048000 0.003040
1049000 0.003038
1050000 0.003036
1051000 0.003034
1052000 0.003032
1053000 0.003030
1054000 0.003027
1055000 0.003025
1056000 0.003023
1057000 0.003021
1058000 0.003019
1059000 0.003016
1060000 0.003014
1061000 0.003012
1062000 0.003010
1063000 0.003008
1064000 0.003006
1065000 0.003003
1066000 0.003001
1067000 0.002999
1068000 0.002997
1069000 0.002995
1070000 0.002993
1071000 0.002991
1072000 0.002989
1073000 0.002987
1074000 0.002985
1075000 0.002983
1076000 0.002981
1077000 0.002978
1078000 0.002976
1079000 0.002974
1080000 0.002972
1081000 0.002970
1082000 0.002968
1083000 0.002966
1084000 0.002964
1085000 0.002962
1086000 0.002960
1087000 0.002958
1088000 0.002956
1089000 0.002954
1090000 0.002952
1091000 0.002950
1092000 0.002948
1093000 0.002946
1094000 0.002944
1095000 0.002942
1096000 0.002940
1097000 0.002938
1098000 0.002936
1099000 0.002934
1100000 0.002932
1101000 0.002930
1102000 0.002928
1103000 0.002926
1104000 0.002924
1105000 0.002922
1106000 0.002920
1107000 0.002918
1108000 0.002916
1109000 0.002914
1110000 0.002912
1111000 0.002910
1112000 0.002909
1113000 0.002907
1114000 0.002905
1115000 0.002903
1116000 0.002901
1117000 0.002899
1118000 0.002897
1119000 0.002895
1120000 0.002893
1121000 0.002892
1122000 0.002890
1123000 0.002888
1124000 0.002886
1125000 0.002884
1126000 0.002882
1127000 0.002880
1128000 0.002878
1129000 0.002876
1130000 0.002875
1131000 0.002873
1132000 0.002871
1133000 0.002869
1134000 0.002867
1135000 0.002865
1136000 0.002864
1137000 0.002862
1138000 0.002860
1139000 0.002858
1140000 0.002856
1141000 0.002855
1142000 0.002853
1143000 0.002851
1144000 0.002849
1145000 0.002847
1146000 0.002845
1147000 0.002844
1148000 0.002842
1149000 0.002840
1150000 0.002838
1151000 0.002836
1152000 0.002835
1153000 0.002833
1154000 0.002831
1155000 0.002830
1156000 0.002828
1157000 0.002826
1158000 0.002824
1159000 0.002823
1160000 0.002821
1161000 0.002819
1162000 0.002818
1163000 0.002816
1164000 0.002814
1165000 0.002812
1166000 0.002811
1167000 0.002809
1168000 0.002807
1169000 0.002806
1170000 0.002804
1171000 0.002802
1172000 0.002800
1173000 0.002799
1174000 0.002797
1175000 0.002795
1176000 0.002794
1177000 0.002792
1178000 0.002791
1179000 0.002789
1180000 0.002787
1181000 0.002786
1182000 0.002784
1183000 0.002783
1184000 0.002781
1185000 0.002780
1186000 0.002779
1187000 0.002777
1188000 0.002776
1189000 0.002774
1190000 0.002773
1191000 0.002771
1192000 0.002770
1193000 0.002768
1194000 0.002767
1195000 0.002765
1196000 0.002764
1197000 0.002762
1198000 0.002761
1199000 0.002759
1200000 0.002758
1201000 0.002757
1202000 0.002755
1203000 0.002754
1204000 0.002752
1205000 0.002751
1206000 0.002749
1207000 0.002748
1208000 0.002746
1209000 0.002745
1210000 0.002743
1211000 0.002742
1212000 0.002740
1213000 0.002739
1214000 0.002737
1215000 0.002735
1216000 0.002734
1217000 0.002732
1218000 0.002731
1219000 0.002729
1220000 0.002728
1221000 0.002726
1222000 0.002725
1223000 0.002723
1224000 0.002722
1225000 0.002720
1226000 0.002719
1227000 0.002717
1228000 0.002716
1229000 0.002714
1230000 0.002713
1231000 0.002712
1232000 0.002710
1233000 0.002709
1234000 0.002708
1235000 0.002706
1236000 0.002705
1237000 0.002703
1238000 0.002702
1239000 0.002701
1240000 0.002699
1241000 0.002698
1242000 0.002696
1243000 0.002695
1244000 0.002694
1245000 0.002692
1246000 0.002691
1247000 0.002690
1248000 0.002688
1249000 0.002687
1250000 0.002686
1251000 0.002684
1252000 0.002683
1253000 0.002682
1254000 0.002680
1255000 0.002679
1256000 0.002678
1257000 0.002676
1258000 0.002675
1259000 0.002673
1260000 0.002672
1261000 0.002670
1262000 0.002669
1263000 0.002668
1264000 0.002666
1265000 0.002665
1266000 0.002663
1267000 0.002662
1268000 0.002661
1269000 0.002659
1270000 0.002658
1271000 0.002657
1272000 0.002655
1273000 0.002654
1274000 0.002653
1275000 0.002651
1276000 0.002650
1277000 0.002649
1278000 0.002647
1279000 0.002646
1280000 0.002645
1281000 0.002643
1282000 0.002642
1283000 0.002641
1284000 0.002640
1285000 0.002638
1286000 0.002637
1287000 0.002636
1288000 0.002635
1289000 0.002633
1290000 0.002632
1291000 0.002631
1292000 0.002629
1293000 0.002628
1294000 0.002627
1295000 0.002626
1296000 0.002625
1297000 0.002623
1298000 0.002622
1299000 0.002621
1300000 0.002620
1301000 0.002619
1302000 0.002617
1303000 0.002616
1304000 0.002615
1305000 0.002614
1306000 0.002613
1307000 0.002611
1308000 0.002610
1309000 0.002609
1310000 0.002608
1311000 0.002607
1312000 0.002606
1313000 0.002604
1314000 0.002603
1315000 0.002602
1316000 0.002601
1317000 0.002599
1318000 0.002598
1319000 0.002597
1320000 0.002596
1321000 0.002594
1322000 0.002593
1323000 0.002592
1324000 0.002591
1325000 0.002590
1326000 0.002588
1327000 0.002587
1328000 0.002586
1329000 0.002585
1330000 0.002584
1331000 0.002583
1332000 0.002581
1333000 0.002580
1334000 0.002579
1335000 0.002578
1336000 0.002577
1337000 0.002575
1338000 0.002574
1339000 0.002573
1340000 0.002572
1341000 0.002571
1342000 0.002570
1343000 0.002569
1344000 0.002567
1345000 0.002566
1346000 0.002565
1347000 0.002564
1348000 0.002563
1349000 0.002562
1350000 0.002561
1351000 0.002560
1352000 0.002559
1353000 0.002557
1354000 0.002556
1355000 0.002555
1356000 0.002554
1357000 0.002553
1358000 0.002552
1359000 0.002551
1360000 0.002550
1361000 0.002549
1362000 0.002548
1363000 0.002547
1364000 0.002546
1365000 0.002545
1366000 0.002544
1367000 0.002543
1368000 0.002541
1369000 0.002540
1370000 0.002539
1371000 0.002538
1372000 0.002537
1373000 0.002536
1374000 0.002535
1375000 0.002534
1376000 0.002533
1377000 0.002532
1378000 0.002532
1379000 0.002531
1380000 0.002529
1381000 0.002528
1382000 0.002528
1383000 0.002526
1384000 0.002525
1385000 0.002524
1386000 0.002523
1387000 0.002522
1388000 0.002521
1389000 0.002520
1390000 0.002519
1391000 0.002518
1392000 0.002517
1393000 0.002516
1394000 0.002515
1395000 0.002514
1396000 0.002513
1397000 0.002512
1398000 0.002511
1399000 0.002510
1400000 0.002510
1401000 0.002509
1402000 0.002508
1403000 0.002507
1404000 0.002506
1405000 0.002505
1406000 0.002504
1407000 0.002503
1408000 0.002502
1409000 0.002501
1410000 0.002500
1411000 0.002499
1412000 0.002499
1413000 0.002498
1414000 0.002497
1415000 0.002496
1416000 0.002495
1417000 0.002494
1418000 0.002493
1419000 0.002492
1420000 0.002492
1421000 0.002491
1422000 0.002490
1423000 0.002489
1424000 0.002488
1425000 0.002487
1426000 0.002486
1427000 0.002485
1428000 0.002484
1429000 0.002483
1430000 0.002483
1431000 0.002482
1432000 0.002481
1433000 0.002480
1434000 0.002479
1435000 0.002478
1436000 0.002477
1437000 0.002476
1438000 0.002475
1439000 0.002474
1440000 0.002473
1441000 0.002473
1442000 0.002472
1443000 0.002471
1444000 0.002470
1445000 0.002469
1446000 0.002468
1447000 0.002467
1448000 0.002466
1449000 0.002465
1450000 0.002464
1451000 0.002463
1452000 0.002462
1453000 0.002462
1454000 0.002461
1455000 0.002460
1456000 0.002459
1457000 0.002458
1458000 0.002457
1459000 0.002456
1460000 0.002455
1461000 0.002454
1462000 0.002453
1463000 0.002452
1464000 0.002451
1465000 0.002450
1466000 0.002449
1467000 0.002448
1468000 0.002447
1469000 0.002446
1470000 0.002445
1471000 0.002445
1472000 0.002444
1473000 0.002443
1474000 0.002442
1475000 0.002441
1476000 0.002440
1477000 0.002439
1478000 0.002438
1479000 0.002437
1480000 0.002436
1481000 0.002435
1482000 0.002434
1483000 0.002434
1484000 0.002433
1485000 0.002432
1486000 0.002431
1487000 0.002430
1488000 0.002429
1489000 0.002428
1490000 0.002428
1491000 0.002427
1492000 0.002426
1493000 0.002425
1494000 0.002424
1495000 0.002423
1496000 0.002423
1497000 0.002422
1498000 0.002421
1499000 0.002420
1500000 0.002419
1501000 0.002418
1502000 0.002417
1503000 0.002417
1504000 0.002416
1505000 0.002415
1506000 0.002414
1507000 0.002413
1508000 0.002413
1509000 0.002412
1510000 0.002411
1511000 0.002410
1512000 0.002409
1513000 0.002409
1514000 0.002408
1515000 0.002407
1516000 0.002406
1517000 0.002405
1518000 0.002405
1519000 0.002404
1520000 0.002403
1521000 0.002402
1522000 0.002401
1523000 0.002401
1524000 0.002400
1525000 0.002399
1526000 0.002398
1527000 0.002398
1528000 0.002397
1529000 0.002396
1530000 0.002395
1531000 0.002394
1532000 0.002394
1533000 0.002393
1534000 0.002392
1535000 0.002391
1536000 0.002390
1537000 0.002389
1538000 0.002389
1539000 0.002388
1540000 0.002387
1541000 0.002386
1542000 0.002385
1543000 0.002385
1544000 0.002384
1545000 0.002383
1546000 0.002382
1547000 0.002381
1548000 0.002381
1549000 0.002380
1550000 0.002379
1551000 0.002378
1552000 0.002377
1553000 0.002377
1554000 0.002376
1555000 0.002375
1556000 0.002374
1557000 0.002374
1558000 0.002373
1559000 0.002372
1560000 0.002371
1561000 0.002371
1562000 0.002370
1563000 0.002369
1564000 0.002368
1565000 0.002368
1566000 0.002367
1567000 0.002366
1568000 0.002366
1569000 0.002365
1570000 0.002364
1571000 0.002364
1572000 0.002363
1573000 0.002362
1574000 0.002361
1575000 0.002361
1576000 0.002360
1577000 0.002359
1578000 0.002358
1579000 0.002358
1580000 0.002357
1581000 0.002356
1582000 0.002356
1583000 0.002355
1584000 0.002354
1585000 0.002353
1586000 0.002353
1587000 0.002352
1588000 0.002351
1589000 0.002351
1590000 0.002350
1591000 0.002349
1592000 0.002348
1593000 0.002348
1594000 0.002347
1595000 0.002346
1596000 0.002346
1597000 0.002345
1598000 0.002344
1599000 0.002343
1600000 0.002343
1601000 0.002342
1602000 0.002341
1603000 0.002341
1604000 0.002340
1605000 0.002339
1606000 0.002338
1607000 0.002338
1608000 0.002337
1609000 0.002336
1610000 0.002336
1611000 0.002335
1612000 0.002334
1613000 0.002333
1614000 0.002333
1615000 0.002332
1616000 0.002331
1617000 0.002331
1618000 0.002330
1619000 0.002329
1620000 0.002328
1621000 0.002328
1622000 0.002327
1623000 0.002326
1624000 0.002326
1625000 0.002325
1626000 0.002324
1627000 0.002324
1628000 0.002323
1629000 0.002322
1630000 0.002321
1631000 0.002321
1632000 0.002320
1633000 0.002319
1634000 0.002319
1635000 0.002318
1636000 0.002317
1637000 0.002317
1638000 0.002316
1639000 0.002315
1640000 0.002315
1641000 0.002314
1642000 0.002313
1643000 0.002313
1644000 0.002312
1645000 0.002311
1646000 0.002311
1647000 0.002310
1648000 0.002309
1649000 0.002309
1650000 0.002308
1651000 0.002307
1652000 0.002307
1653000 0.002306
1654000 0.002305
1655000 0.002305
1656000 0.002304
1657000 0.002303
1658000 0.002303
1659000 0.002302
1660000 0.002301
1661000 0.002301
1662000 0.002300
1663000 0.002299
1664000 0.002299
1665000 0.002298
1666000 0.002297
1667000 0.002297
1668000 0.002296
1669000 0.002295
1670000 0.002295
1671000 0.002294
1672000 0.002293
1673000 0.002293
1674000 0.002292
1675000 0.002292
1676000 0.002291
1677000 0.002290
1678000 0.002290
1679000 0.002289
1680000 0.002288
1681000 0.002288
1682000 0.002287
1683000 0.002286
1684000 0.002286
1685000 0.002285
1686000 0.002284
1687000 0.002284
1688000 0.002283
1689000 0.002282
1690000 0.002282
1691000 0.002281
1692000 0.002281
1693000 0.002280
1694000 0.002279
1695000 0.002279
1696000 0.002278
1697000 0.002277
1698000 0.002277
1699000 0.002276
1700000 0.002276
1701000 0.002275
1702000 0.002274
1703000 0.002274
1704000 0.002273
1705000 0.002273
1706000 0.002272
1707000 0.002271
1708000 0.002271
1709000 0.002270
1710000 0.002270
1711000 0.002269
1712000 0.002269
1713000 0.002268
1714000 0.002267
1715000 0.002267
1716000 0.002266
1717000 0.002266
1718000 0.002265
1719000 0.002264
1720000 0.002264
1721000 0.002263
1722000 0.002263
1723000 0.002262
1724000 0.002261
1725000 0.002261
1726000 0.002260
1727000 0.002260
1728000 0.002259
1729000 0.002258
1730000 0.002258
1731000 0.002257
1732000 0.002257
1733000 0.002256
1734000 0.002255
1735000 0.002255
1736000 0.002254
1737000 0.002254
1738000 0.002253
1739000 0.002252
1740000 0.002252
1741000 0.002251
1742000 0.002251
1743000 0.002250
1744000 0.002249
1745000 0.002249
1746000 0.002248
1747000 0.002248
1748000 0.002247
1749000 0.002246
1750000 0.002246
1751000 0.002245
1752000 0.002245
1753000 0.002244
1754000 0.002243
1755000 0.002243
1756000 0.002242
1757000 0.002241
1758000 0.002241
1759000 0.002240
1760000 0.002240
1761000 0.002239
1762000 0.002238
1763000 0.002238
1764000 0.002237
1765000 0.002236
1766000 0.002236
1767000 0.002235
1768000 0.002234
1769000 0.002234
1770000 0.002233
1771000 0.002233
1772000 0.002232
1773000 0.002231
1774000 0.002231
1775000 0.002230
1776000 0.002230
1777000 0.002229
1778000 0.002228
1779000 0.002228
1780000 0.002227
1781000 0.002227
1782000 0.002226
1783000 0.002226
1784000 0.002225
1785000 0.002224
1786000 0.002224
1787000 0.002223
1788000 0.002223
1789000 0.002222
1790000 0.002222
1791000 0.002221
1792000 0.002220
1793000 0.002220
1794000 0.002219
1795000 0.002219
1796000 0.002218
1797000 0.002218
1798000 0.002217
1799000 0.002216
1800000 0.002216
1801000 0.002215
1802000 0.002215
1803000 0.002214
1804000 0.002214
1805000 0.002213
1806000 0.002212
1807000 0.002212
1808000 0.002211
1809000 0.002211
1810000 0.002210
1811000 0.002209
1812000 0.002209
1813000 0.002208
1814000 0.002208
1815000 0.002207
1816000 0.002207
1817000 0.002206
1818000 0.002206
1819000 0.002205
1820000 0.002204
1821000 0.002204
1822000 0.002203
1823000 0.002203
1824000 0.002202
1825000 0.002202
1826000 0.002201
1827000 0.002201
1828000 0.002200
1829000 0.002200
1830000 0.002199
1831000 0.002199
1832000 0.002198
1833000 0.002197
1834000 0.002197
1835000 0.002196
1836000 0.002196
1837000 0.002195
1838000 0.002195
1839000 0.002194
1840000 0.002194
1841000 0.002193
1842000 0.002193
1843000 0.002192
1844000 0.002192
1845000 0.002191
1846000 0.002191
1847000 0.002190
1848000 0.002190
1849000 0.002189
1850000 0.002189
1851000 0.002188
1852000 0.002188
1853000 0.002187
1854000 0.002187
1855000 0.002186
1856000 0.002186
1857000 0.002185
1858000 0.002184
1859000 0.002184
1860000 0.002183
1861000 0.002183
1862000 0.002182
1863000 0.002182
1864000 0.002181
1865000 0.002181
1866000 0.002180
1867000 0.002180
1868000 0.002179
1869000 0.002179
1870000 0.002178
1871000 0.002178
1872000 0.002177
1873000 0.002177
1874000 0.002176
1875000 0.002176
1876000 0.002175
1877000 0.002175
1878000 0.002174
1879000 0.002174
1880000 0.002174
1881000 0.002173
1882000 0.002173
1883000 0.002172
1884000 0.002172
1885000 0.002171
1886000 0.002171
1887000 0.002170
1888000 0.002170
1889000 0.002169
1890000 0.002169
1891000 0.002168
1892000 0.002168
1893000 0.002167
1894000 0.002167
1895000 0.002166
1896000 0.002166
1897000 0.002165
1898000 0.002165
1899000 0.002165
1900000 0.002164
1901000 0.002164
1902000 0.002163
1903000 0.002163
1904000 0.002162
1905000 0.002162
1906000 0.002161
1907000 0.002161
1908000 0.002160
1909000 0.002160
1910000 0.002160
1911000 0.002159
1912000 0.002159
1913000 0.002158
1914000 0.002158
1915000 0.002157
1916000 0.002157
1917000 0.002156
1918000 0.002156
1919000 0.002155
1920000 0.002155
1921000 0.002155
1922000 0.002154
1923000 0.002154
1924000 0.002153
1925000 0.002153
1926000 0.002152
1927000 0.002152
1928000 0.002151
1929000 0.002151
1930000 0.002150
1931000 0.002150
1932000 0.002149
1933000 0.002149
1934000 0.002148
1935000 0.002148
1936000 0.002148
1937000 0.002147
1938000 0.002147
1939000 0.002146
1940000 0.002146
1941000 0.002145
1942000 0.002145
1943000 0.002144
1944000 0.002144
1945000 0.002143
1946000 0.002143
1947000 0.002142
1948000 0.002142
1949000 0.002141
1950000 0.002141
1951000 0.002140
1952000 0.002140
1953000 0.002139
1954000 0.002139
1955000 0.002138
1956000 0.002138
1957000 0.002137
1958000 0.002137
1959000 0.002136
1960000 0.002136
1961000 0.002135
1962000 0.002135
1963000 0.002134
1964000 0.002134
1965000 0.002133
1966000 0.002133
1967000 0.002132
1968000 0.002132
1969000 0.002131
1970000 0.002131
1971000 0.002130
1972000 0.002130
1973000 0.002129
1974000 0.002129
1975000 0.002128
1976000 0.002128
1977000 0.002128
1978000 0.002127
1979000 0.002127
1980000 0.002126
1981000 0.002126
1982000 0.002125
1983000 0.002125
1984000 0.002124
1985000 0.002124
1986000 0.002123
1987000 0.002123
1988000 0.002122
1989000 0.002122
1990000 0.002121
1991000 0.002121
1992000 0.002120
1993000 0.002120
1994000 0.002119
1995000 0.002119
1996000 0.002118
1997000 0.002118
1998000 0.002117
1999000 0.002117
2000000 0.002116
2001000 0.002116
2002000 0.002115
2003000 0.002115
2004000 0.002114
2005000 0.002114
2006000 0.002113
2007000 0.002113
2008000 0.002112
2009000 0.002112
2010000 0.002111
2011000 0.002111
2012000 0.002110
2013000 0.002110
2014000 0.002109
2015000 0.002109
2016000 0.002108
2017000 0.002108
2018000 0.002107
2019000 0.002107
2020000 0.002106
2021000 0.002106
2022000 0.002105
2023000 0.002105
2024000 0.002104
2025000 0.002104
2026000 0.002103
2027000 0.002103
2028000 0.002102
2029000 0.002102
2030000 0.002101
2031000 0.002101
2032000 0.002100
2033000 0.002100
2034000 0.002099
2035000 0.002099
2036000 0.002098
2037000 0.002098
2038000 0.002097
2039000 0.002097
2040000 0.002096
2041000 0.002096
2042000 0.002095
2043000 0.002095
2044000 0.002094
2045000 0.002094
2046000 0.002093
2047000 0.002093
2048000 0.002092
2049000 0.002092
2050000 0.002091
2051000 0.002091
2052000 0.002090
2053000 0.002090
2054000 0.002089
2055000 0.002089
2056000 0.002088
2057000 0.002088
2058000 0.002087
2059000 0.002087
2060000 0.002086
2061000 0.002086
2062000 0.002085
2063000 0.002085
2064000 0.002084
2065000 0.002084
2066000 0.002083
2067000 0.002083
2068000 0.002082
2069000 0.002082
2070000 0.002081
2071000 0.002081
2072000 0.002080
2073000 0.002080
2074000 0.002079
2075000 0.002079
2076000 0.002078
2077000 0.002078
2078000 0.002078
2079000 0.002077
2080000 0.002077
2081000 0.002076
2082000 0.002076
2083000 0.002075
2084000 0.002075
2085000 0.002074
2086000 0.002074
2087000 0.002073
2088000 0.002073
2089000 0.002073
2090000 0.002072
2091000 0.002072
2092000 0.002071
2093000 0.002071
2094000 0.002070
2095000 0.002070
2096000 0.002069
2097000 0.002069
2098000 0.002069
2099000 0.002068
2100000 0.002068
2101000 0.002067
2102000 0.002067
2103000 0.002066
2104000 0.002066
2105000 0.002065
2106000 0.002065
2107000 0.002064
2108000 0.002064
2109000 0.002064
2110000 0.002063
2111000 0.002063
2112000 0.002062
2113000 0.002062
2114000 0.002061
2115000 0.002061
2116000 0.002060
2117000 0.002060
2118000 0.002059
2119000 0.002059
2120000 0.002059
2121000 0.002058
2122000 0.002058
2123000 0.002057
2124000 0.002057
2125000 0.002056
2126000 0.002056
2127000 0.002055
2128000 0.002055
2129000 0.002055
2130000 0.002054
2131000 0.002054
2132000 0.002053
2133000 0.002053
2134000 0.002052
2135000 0.002052
2136000 0.002051
2137000 0.002051
2138000 0.002050
2139000 0.002050
2140000 0.002050
2141000 0.002049
2142000 0.002049
2143000 0.002048
2144000 0.002048
2145000 0.002047
2146000 0.002047
2147000 0.002046
2148000 0.002046
2149000 0.002045
2150000 0.002045
2151000 0.002045
2152000 0.002044
2153000 0.002044
2154000 0.002043
2155000 0.002043
2156000 0.002042
2157000 0.002042
2158000 0.002042
2159000 0.002041
2160000 0.002041
2161000 0.002040
2162000 0.002040
2163000 0.002039
2164000 0.002039
2165000 0.002038
2166000 0.002038
2167000 0.002037
2168000 0.002037
2169000 0.002037
2170000 0.002036
2171000 0.002036
2172000 0.002035
2173000 0.002035
2174000 0.002034
2175000 0.002034
2176000 0.002033
2177000 0.002033
2178000 0.002033
2179000 0.002032
2180000 0.002032
2181000 0.002031
2182000 0.002031
2183000 0.002030
2184000 0.002030
2185000 0.002030
2186000 0.002029
2187000 0.002029
2188000 0.002028
2189000 0.002028
2190000 0.002027
2191000 0.002027
2192000 0.002026
2193000 0.002026
2194000 0.002026
2195000 0.002025
2196000 0.002025
2197000 0.002024
2198000 0.002024
2199000 0.002023
2200000 0.002023
2201000 0.002022
2202000 0.002022
2203000 0.002022
2204000 0.002021
2205000 0.002021
2206000 0.002020
2207000 0.002020
2208000 0.002019
2209000 0.002019
2210000 0.002018
2211000 0.002018
2212000 0.002017
2213000 0.002017
2214000 0.002016
2215000 0.002016
2216000 0.002015
2217000 0.002015
2218000 0.002014
2219000 0.002014
2220000 0.002013
2221000 0.002013
2222000 0.002013
2223000 0.002012
2224000 0.002012
2225000 0.002011
2226000 0.002011
2227000 0.002010
2228000 0.002010
2229000 0.002009
2230000 0.002009
2231000 0.002008
2232000 0.002008
2233000 0.002007
2234000 0.002007
2235000 0.002006
2236000 0.002006
2237000 0.002005
2238000 0.002005
2239000 0.002005
2240000 0.002004
2241000 0.002004
2242000 0.002003
2243000 0.002003
2244000 0.002002
2245000 0.002002
2246000 0.002001
2247000 0.002001
2248000 0.002001
2249000 0.002000
2250000 0.002000
2251000 0.001999
2252000 0.001999
2253000 0.001998
2254000 0.001998
2255000 0.001997
2256000 0.001997
2257000 0.001997
2258000 0.001996
2259000 0.001996
2260000 0.001995
2261000 0.001995
2262000 0.001994
2263000 0.001994
2264000 0.001993
2265000 0.001993
2266000 0.001993
2267000 0.001992
2268000 0.001992
2269000 0.001991
2270000 0.001991
2271000 0.001991
2272000 0.001990
2273000 0.001990
2274000 0.001989
2275000 0.001989
2276000 0.001988
2277000 0.001988
2278000 0.001987
2279000 0.001987
2280000 0.001987
2281000 0.001986
2282000 0.001986
2283000 0.001985
2284000 0.001985
2285000 0.001984
2286000 0.001984
2287000 0.001984
2288000 0.001983
2289000 0.001983
2290000 0.001982
2291000 0.001982
2292000 0.001982
2293000 0.001981
2294000 0.001981
2295000 0.001980
2296000 0.001980
2297000 0.001980
2298000 0.001979
2299000 0.001979
2300000 0.001978
2301000 0.001978
2302000 0.001978
2303000 0.001977
2304000 0.001977
2305000 0.001976
2306000 0.001976
2307000 0.001976
2308000 0.001975
2309000 0.001975
2310000 0.001974
2311000 0.001974
2312000 0.001974
2313000 0.001973
2314000 0.001973
2315000 0.001973
2316000 0.001972
2317000 0.001972
2318000 0.001971
2319000 0.001971
2320000 0.001971
2321000 0.001970
2322000 0.001970
2323000 0.001969
2324000 0.001969
2325000 0.001969
2326000 0.001968
2327000 0.001968
2328000 0.001968
2329000 0.001967
2330000 0.001967
2331000 0.001966
2332000 0.001966
2333000 0.001966
2334000 0.001965
2335000 0.001965
2336000 0.001965
2337000 0.001964
2338000 0.001964
2339000 0.001963
2340000 0.001963
2341000 0.001963
2342000 0.001962
2343000 0.001962
2344000 0.001961
2345000 0.001961
2346000 0.001961
2347000 0.001960
2348000 0.001960
2349000 0.001960
2350000 0.001959
2351000 0.001959
2352000 0.001959
2353000 0.001958
2354000 0.001958
2355000 0.001957
2356000 0.001957
2357000 0.001957
2358000 0.001956
2359000 0.001956
2360000 0.001956
2361000 0.001955
2362000 0.001955
2363000 0.001955
2364000 0.001955
2365000 0.001954
2366000 0.001954
2367000 0.001954
2368000 0.001953
2369000 0.001953
2370000 0.001953
2371000 0.001952
2372000 0.001952
2373000 0.001952
2374000 0.001951
2375000 0.001951
2376000 0.001951
2377000 0.001950
2378000 0.001950
2379000 0.001950
2380000 0.001949
2381000 0.001949
2382000 0.001949
2383000 0.001948
2384000 0.001948
2385000 0.001948
2386000 0.001948
2387000 0.001947
2388000 0.001947
2389000 0.001947
2390000 0.001946
2391000 0.001946
2392000 0.001946
2393000 0.001945
2394000 0.001945
2395000 0.001945
2396000 0.001944
2397000 0.001944
2398000 0.001944
2399000 0.001943
2400000 0.001943
2401000 0.001943
2402000 0.001943
2403000 0.001942
2404000 0.001942
2405000 0.001942
2406000 0.001941
2407000 0.001941
2408000 0.001941
2409000 0.001940
2410000 0.001940
2411000 0.001940
2412000 0.001940
2413000 0.001939
2414000 0.001939
2415000 0.001939
2416000 0.001938
2417000 0.001938
2418000 0.001938
2419000 0.001937
2420000 0.001937
2421000 0.001937
2422000 0.001936
2423000 0.001936
2424000 0.001936
2425000 0.001936
2426000 0.001935
2427000 0.001935
2428000 0.001935
2429000 0.001934
2430000 0.001934
2431000 0.001934
2432000 0.001933
2433000 0.001933
2434000 0.001933
2435000 0.001933
2436000 0.001932
2437000 0.001932
2438000 0.001932
2439000 0.001931
2440000 0.001931
2441000 0.001931
2442000 0.001930
2443000 0.001930
2444000 0.001930
2445000 0.001929
2446000 0.001929
2447000 0.001929
2448000 0.001928
2449000 0.001928
2450000 0.001928
2451000 0.001927
2452000 0.001927
2453000 0.001927
2454000 0.001927
2455000 0.001926
2456000 0.001926
2457000 0.001926
2458000 0.001925
2459000 0.001925
2460000 0.001925
2461000 0.001924
2462000 0.001924
2463000 0.001924
2464000 0.001923
2465000 0.001923
2466000 0.001923
2467000 0.001922
2468000 0.001922
2469000 0.001922
2470000 0.001921
2471000 0.001921
2472000 0.001921
2473000 0.001920
2474000 0.001920
2475000 0.001920
2476000 0.001919
2477000 0.001919
2478000 0.001919
2479000 0.001919
2480000 0.001918
2481000 0.001918
2482000 0.001918
2483000 0.001917
2484000 0.001917
2485000 0.001917
2486000 0.001916
2487000 0.001916
2488000 0.001916
2489000 0.001916
2490000 0.001915
2491000 0.001915
2492000 0.001915
2493000 0.001914
2494000 0.001914
2495000 0.001914
2496000 0.001914
2497000 0.001913
2498000 0.001913
2499000 0.001913
2500000 0.001912
2501000 0.001912
2502000 0.001912
2503000 0.001912
2504000 0.001911
2505000 0.001911
2506000 0.001911
2507000 0.001910
2508000 0.001910
2509000 0.001910
2510000 0.001909
2511000 0.001909
2512000 0.001909
2513000 0.001909
2514000 0.001908
2515000 0.001908
2516000 0.001908
2517000 0.001907
2518000 0.001907
2519000 0.001907
2520000 0.001906
2521000 0.001906
2522000 0.001906
2523000 0.001906
2524000 0.001905
2525000 0.001905
2526000 0.001905
2527000 0.001904
2528000 0.001904
2529000 0.001904
2530000 0.001903
2531000 0.001903
2532000 0.001903
2533000 0.001902
2534000 0.001902
2535000 0.001902
2536000 0.001901
2537000 0.001901
2538000 0.001901
2539000 0.001900
2540000 0.001900
2541000 0.001900
2542000 0.001899
2543000 0.001899
2544000 0.001899
2545000 0.001898
2546000 0.001898
2547000 0.001898
2548000 0.001897
2549000 0.001897
2550000 0.001897
2551000 0.001896
2552000 0.001896
2553000 0.001896
2554000 0.001895
2555000 0.001895
2556000 0.001895
2557000 0.001894
2558000 0.001894
2559000 0.001894
2560000 0.001893
2561000 0.001893
2562000 0.001893
2563000 0.001892
2564000 0.001892
2565000 0.001892
2566000 0.001891
2567000 0.001891
2568000 0.001891
2569000 0.001890
2570000 0.001890
2571000 0.001890
2572000 0.001889
2573000 0.001889
2574000 0.001889
2575000 0.001889
2576000 0.001888
2577000 0.001888
2578000 0.001888
2579000 0.001887
2580000 0.001887
2581000 0.001887
2582000 0.001886
2583000 0.001886
2584000 0.001886
2585000 0.001885
2586000 0.001885
2587000 0.001885
2588000 0.001884
2589000 0.001884
2590000 0.001884
2591000 0.001883
2592000 0.001883
2593000 0.001883
2594000 0.001882
2595000 0.001882
2596000 0.001882
2597000 0.001882
2598000 0.001881
2599000 0.001881
2600000 0.001881
2601000 0.001880
2602000 0.001880
2603000 0.001880
2604000 0.001879
2605000 0.001879
2606000 0.001879
2607000 0.001878
2608000 0.001878
2609000 0.001878
2610000 0.001877
2611000 0.001877
2612000 0.001877
2613000 0.001876
2614000 0.001876
2615000 0.001876
2616000 0.001875
2617000 0.001875
2618000 0.001875
2619000 0.001875
2620000 0.001874
2621000 0.001874
2622000 0.001874
2623000 0.001873
2624000 0.001873
2625000 0.001873
2626000 0.001872
2627000 0.001872
2628000 0.001872
2629000 0.001871
2630000 0.001871
2631000 0.001871
2632000 0.001870
2633000 0.001870
2634000 0.001870
2635000 0.001870
2636000 0.001869
2637000 0.001869
2638000 0.001869
2639000 0.001869
2640000 0.001868
2641000 0.001868
2642000 0.001868
2643000 0.001867
2644000 0.001867
2645000 0.001867
2646000 0.001867
2647000 0.001866
2648000 0.001866
2649000 0.001866
2650000 0.001866
2651000 0.001865
2652000 0.001865
2653000 0.001865
2654000 0.001865
2655000 0.001864
2656000 0.001864
2657000 0.001864
2658000 0.001864
2659000 0.001864
2660000 0.001863
2661000 0.001863
2662000 0.001863
2663000 0.001863
2664000 0.001862
2665000 0.001862
2666000 0.001862
2667000 0.001862
2668000 0.001862
2669000 0.001861
2670000 0.001861
2671000 0.001861
2672000 0.001861
2673000 0.001860
2674000 0.001860
2675000 0.001860
2676000 0.001860
2677000 0.001860
2678000 0.001859
2679000 0.001859
2680000 0.001859
2681000 0.001859
2682000 0.001858
2683000 0.001858
2684000 0.001858
2685000 0.001858
2686000 0.001858
2687000 0.001857
2688000 0.001857
2689000 0.001857
2690000 0.001857
2691000 0.001857
2692000 0.001856
2693000 0.001856
2694000 0.001856
2695000 0.001856
2696000 0.001855
2697000 0.001855
2698000 0.001855
2699000 0.001855
2700000 0.001855
2701000 0.001854
2702000 0.001854
2703000 0.001854
2704000 0.001854
2705000 0.001854
2706000 0.001853
2707000 0.001853
2708000 0.001853
2709000 0.001853
2710000 0.001853
2711000 0.001852
2712000 0.001852
2713000 0.001852
2714000 0.001852
2715000 0