0 34.741615
1000 3.996253
2000 3.568511
3000 3.358462
4000 3.224444
5000 3.130945
6000 3.060472
7000 3.003564
8000 2.955041
9000 2.912043
10000 2.872960
11000 2.836873
12000 2.803236
13000 2.771703
14000 2.742048
15000 2.714106
16000 2.687747
17000 2.662871
18000 2.639383
19000 2.617203
20000 2.596247
21000 2.576462
22000 2.557769
23000 2.540112
24000 2.523434
25000 2.507678
26000 2.492794
27000 2.478737
28000 2.465456
29000 2.452911
30000 2.441062
31000 2.429867
32000 2.419291
33000 2.409304
34000 2.399869
35000 2.390955
36000 2.382538
37000 2.374582
38000 2.367071
39000 2.359973
40000 2.353270
41000 2.346936
42000 2.340956
43000 2.335304
44000 2.329967
45000 2.324924
46000 2.320164
47000 2.315660
48000 2.311411
49000 2.307396
50000 2.303603
51000 2.300023
52000 2.296636
53000 2.293439
54000 2.290422
55000 2.287569
56000 2.284875
57000 2.282330
58000 2.279923
59000 2.277654
60000 2.275507
61000 2.273481
62000 2.271565
63000 2.269759
64000 2.268051
65000 2.266436
66000 2.264911
67000 2.263471
68000 2.262112
69000 2.260827
70000 2.259615
71000 2.258466
72000 2.257385
73000 2.256363
74000 2.255393
75000 2.254482
76000 2.253622
77000 2.252804
78000 2.252035
79000 2.251308
80000 2.250622
81000 2.249973
82000 2.249361
83000 2.248784
84000 2.248235
85000 2.247721
86000 2.247232
87000 2.246768
88000 2.246335
89000 2.245925
90000 2.245535
91000 2.245168
92000 2.244825
93000 2.244496
94000 2.244186
95000 2.243895
96000 2.243619
97000 2.243360
98000 2.243112
99000 2.242877
100000 2.242659
101000 2.242454
102000 2.242255
103000 2.242072
104000 2.241894
105000 2.241732
106000 2.241578
107000 2.241429
108000 2.241289
109000 2.241158
110000 2.241036
111000 2.240919
112000 2.240809
113000 2.240702
114000 2.240599
115000 2.240506
116000 2.240419
117000 2.240335
118000 2.240259
119000 2.240181
120000 2.240112
121000 2.240046
122000 2.239983
123000 2.239926
124000 2.239871
125000 2.239816
126000 2.239766
127000 2.239721
128000 2.239674
129000 2.239632
130000 2.239597
131000 2.239556
132000 2.239518
133000 2.239486
134000 2.239454
135000 2.239421
136000 2.239398
137000 2.239368
138000 2.239344
139000 2.239318
140000 2.239302
141000 2.239280
142000 2.239254
143000 2.239237
144000 2.239218
145000 2.239204
146000 2.239187
147000 2.239176
148000 2.239158
149000 2.239141
150000 2.239134
151000 2.239121
152000 2.239110
153000 2.239104
154000 2.239089
155000 2.239078
156000 2.239068
157000 2.239064
158000 2.239052
159000 2.239045
160000 2.239035
161000 2.239030
162000 2.239028
163000 2.239018
164000 2.239012
165000 2.239005
166000 2.239000
167000 2.238995
168000 2.238993
169000 2.238987
170000 2.238985
171000 2.238984
172000 2.238977
173000 2.238974
174000 2.238971
175000 2.238965
176000 2.238962
177000 2.238957
178000 2.238955
179000 2.238950
180000 2.238953
181000 2.238953
182000 2.238950
183000 2.238947
184000 2.238943
185000 2.238945
186000 2.238944
187000 2.238941
188000 2.238937
189000 2.238939
190000 2.238936
191000 2.238933
192000 2.238932
193000 2.238930
194000 2.238931
195000 2.238930
196000 2.238932
197000 2.238929
198000 2.238930
199000 2.238929
200000 2.238927
201000 2.238920
202000 2.238923
203000 2.238922
204000 2.238919
205000 2.238919
206000 2.238924
207000 2.238920
208000 2.238923
209000 2.238922
210000 2.238921
211000 2.238922
212000 2.238920
213000 2.238920
214000 2.238919
215000 2.238917
216000 2.238916
217000 2.238917
218000 2.238916
219000 2.238916
220000 2.238916
221000 2.238917
222000 2.238919
223000 2.238918
224000 2.238919
225000 2.238919
226000 2.238916
227000 2.238917
228000 2.238918
229000 2.238914
230000 2.238916
231000 2.238915
232000 2.238915
233000 2.238914
234000 2.238914
235000 2.238915
236000 2.238914
237000 2.238916
238000 2.238915
239000 2.238916
240000 2.238915
241000 2.238915
242000 2.238915
243000 2.238916
244000 2.238916
245000 2.238915
246000 2.238916
247000 2.238915
248000 2.238915
249000 2.238915
250000 2.238916
251000 2.238916
252000 2.238916
253000 2.238916
254000 2.238915
255000 2.238915
256000 2.238915
257000 2.238916
258000 2.238915
